circ pol angle: 314
angle   power   power_err (microW)
0   211.1   0.4
25  216.8   0.4
50  229.7   0.4
60  237.5   0.3
80  246.8   0.4
100 252.2   0.3
120 245.2   0.3
150 228.6   0.3
160 222.2   0.3
180 214.6   0.4
200 216.8   0.4

circ pol angle: 318
0   185.8   0.3
30  207.3   0.3
50  237.0   0.4
80  272.3   0.3
100 275.4   0.4
120 256.3   0.3
150 212.0   0.3
180 189.3   0.3


circ pol angle: 313
0   221.5   0.4
30  220.2   0.3
50  225.9   0.3
80  236.9   0.4
100 244.1   0.3
120 243.2   0.3
150 236.2   0.3
180 224.9   0.3

circ pol angle: 312
0   225.2   0.3
30  220.8   0.3
50  223.5   0.3
80  232.0   0.3
100 240.1   0.4
120 242.7   0.3
150 239.3   0.3
180 229.5   0.3

circ pol angle: 311
0   249.3   0.3
10  243.6   0.4
20  230.3   0.4
30  223.3   0.3
40  212.8   0.4
50  206.2   0.2
60  203.5   0.4
70  200.8   0.4
80  203.9   0.4
90  211.4   0.3
100 221.3   0.3
110 233.2   0.2
120 242.4   0.3
130 251.2   0.3
140 258.7   0.3
150 263.2   0.3
160 263.4   0.3
170 260.2   0.3
180 253.8   0.3
190 245.7   0.3
200 234.7   0.3
210 221.5   0.2
220 212.7   0.2
230 205.7   0.3
240 203.1   0.2
250 201.2   0.2
260 205.8   0.3
270 211.5   0.3
280 218.7   0.3
290 229.0   0.3
300 236.5   0.3
310 244.0   0.5
320 254.2   0.4
330 258.3   0.3
340 260.6   0.3
350 257.0   0.3

